shape id:
0000 0001 0000 0000 

shape bounds:
0110 1
111 1111 1101 10
01 0011 1100 010
1 1111 1111 0110 
0100 1111 0001 0
000 0000 <-- padding 

edge bounds
0110 1
000 0000 0000 00
01 0011 1011 000
0 0000 0000 0000 
0100 1110 1100 0
000 0000 

0000 0
0 // uses fill winding rules
0 // uses non-scaling strokes
1 // uses scaling strokes

FILLSTYLEARRAY
0000 0001 
0000 0000 1111 1111 0000 0000 0000 0000 1111 1111 0000 0001 0001 0100 0000 0000 0000 0000 0000 0000 0000 0000 0000 0000 0000 0000 1111 1111 0001 0001 0011 0101 1010 1001 1101 1000 0000 0000 0000 0111 1101 1010 1001 1101 1000 1110 1100 1011 0001 0100 0111 0110 1101 1000 1010 0011 1011 0001 0011 1011 0000 0000 0000 0000